1.490000000000000000e+02 2.600000000000000000e+01 9.639234542846679688e-01 0.000000000000000000e+00
1.470000000000000000e+02 5.200000000000000000e+01 9.432925581932067871e-01 1.000000000000000000e+00
1.260000000000000000e+02 5.000000000000000000e+01 9.349826574325561523e-01 2.000000000000000000e+00
1.190000000000000000e+02 8.900000000000000000e+01 8.650189638137817383e-01 3.000000000000000000e+00
1.210000000000000000e+02 1.250000000000000000e+02 9.393051266670227051e-01 4.000000000000000000e+00
1.680000000000000000e+02 5.200000000000000000e+01 9.098931550979614258e-01 5.000000000000000000e+00
1.680000000000000000e+02 9.000000000000000000e+01 8.949552774429321289e-01 6.000000000000000000e+00
1.660000000000000000e+02 1.250000000000000000e+02 8.962560892105102539e-01 7.000000000000000000e+00
1.290000000000000000e+02 1.210000000000000000e+02 7.583000063896179199e-01 8.000000000000000000e+00
1.300000000000000000e+02 1.740000000000000000e+02 8.903179764747619629e-01 9.000000000000000000e+00
1.590000000000000000e+02 2.150000000000000000e+02 8.965576887130737305e-01 1.000000000000000000e+01
1.540000000000000000e+02 1.220000000000000000e+02 8.122837543487548828e-01 1.100000000000000000e+01
1.490000000000000000e+02 1.760000000000000000e+02 9.031013846397399902e-01 1.200000000000000000e+01
1.400000000000000000e+02 2.250000000000000000e+02 8.052024245262145996e-01 1.300000000000000000e+01
1.450000000000000000e+02 2.100000000000000000e+01 8.995507359504699707e-01 1.400000000000000000e+01
1.520000000000000000e+02 2.100000000000000000e+01 8.971230983734130859e-01 1.500000000000000000e+01
1.380000000000000000e+02 2.300000000000000000e+01 8.110527992248535156e-01 1.600000000000000000e+01
1.590000000000000000e+02 2.400000000000000000e+01 6.379640698432922363e-01 1.700000000000000000e+01
