1.600000000000000000e+02 3.600000000000000000e+01 9.841623306274414062e-01 0.000000000000000000e+00
1.350000000000000000e+02 7.600000000000000000e+01 6.556735038757324219e-01 1.000000000000000000e+00
1.280000000000000000e+02 7.900000000000000000e+01 8.191136717796325684e-01 2.000000000000000000e+00
1.310000000000000000e+02 1.520000000000000000e+02 7.090481519699096680e-01 3.000000000000000000e+00
1.410000000000000000e+02 2.150000000000000000e+02 8.595656156539916992e-01 4.000000000000000000e+00
1.410000000000000000e+02 7.500000000000000000e+01 5.576614737510681152e-01 5.000000000000000000e+00
1.500000000000000000e+02 1.500000000000000000e+02 1.901259124279022217e-01 6.000000000000000000e+00
1.350000000000000000e+02 2.000000000000000000e+02 6.262490153312683105e-01 7.000000000000000000e+00
1.490000000000000000e+02 1.950000000000000000e+02 4.420525729656219482e-01 8.000000000000000000e+00
1.520000000000000000e+02 2.600000000000000000e+01 9.705973863601684570e-01 9.000000000000000000e+00
1.660000000000000000e+02 2.900000000000000000e+01 9.418864846229553223e-01 1.000000000000000000e+01
1.340000000000000000e+02 2.400000000000000000e+01 9.511842131614685059e-01 1.100000000000000000e+01
