1.270000000000000000e+02 5.300000000000000000e+01 9.310232996940612793e-01 0.000000000000000000e+00
1.300000000000000000e+02 1.130000000000000000e+02 9.131602048873901367e-01 1.000000000000000000e+00
9.300000000000000000e+01 1.170000000000000000e+02 8.876980543136596680e-01 2.000000000000000000e+00
8.000000000000000000e+01 1.820000000000000000e+02 8.133623600006103516e-01 3.000000000000000000e+00
7.400000000000000000e+01 2.390000000000000000e+02 7.188190221786499023e-01 4.000000000000000000e+00
1.690000000000000000e+02 1.100000000000000000e+02 8.529060482978820801e-01 5.000000000000000000e+00
1.840000000000000000e+02 1.780000000000000000e+02 8.340868353843688965e-01 6.000000000000000000e+00
1.850000000000000000e+02 2.380000000000000000e+02 8.098455667495727539e-01 7.000000000000000000e+00
9.800000000000000000e+01 2.340000000000000000e+02 6.074917912483215332e-01 8.000000000000000000e+00
1.510000000000000000e+02 2.320000000000000000e+02 5.464791655540466309e-01 9.000000000000000000e+00
1.170000000000000000e+02 4.600000000000000000e+01 9.623611569404602051e-01 1.000000000000000000e+01
1.360000000000000000e+02 4.600000000000000000e+01 9.278401732444763184e-01 1.100000000000000000e+01
1.050000000000000000e+02 5.400000000000000000e+01 9.346750974655151367e-01 1.200000000000000000e+01
1.480000000000000000e+02 5.200000000000000000e+01 9.484138488769531250e-01 1.300000000000000000e+01
