1.120000000000000000e+02 4.900000000000000000e+01 9.301299452781677246e-01 0.000000000000000000e+00
9.800000000000000000e+01 1.120000000000000000e+02 8.739513158798217773e-01 1.000000000000000000e+00
4.500000000000000000e+01 1.240000000000000000e+02 7.923700213432312012e-01 2.000000000000000000e+00
4.100000000000000000e+01 2.080000000000000000e+02 8.106067180633544922e-01 3.000000000000000000e+00
7.300000000000000000e+01 1.570000000000000000e+02 8.029817938804626465e-01 4.000000000000000000e+00
1.510000000000000000e+02 1.020000000000000000e+02 7.531847953796386719e-01 5.000000000000000000e+00
2.040000000000000000e+02 1.460000000000000000e+02 8.127892613410949707e-01 6.000000000000000000e+00
1.750000000000000000e+02 1.900000000000000000e+02 4.805237352848052979e-01 7.000000000000000000e+00
1.120000000000000000e+02 2.550000000000000000e+02 1.964956670999526978e-01 8.000000000000000000e+00
1.840000000000000000e+02 2.420000000000000000e+02 4.007161557674407959e-01 9.000000000000000000e+00
9.400000000000000000e+01 4.300000000000000000e+01 9.770891070365905762e-01 1.000000000000000000e+01
1.130000000000000000e+02 3.800000000000000000e+01 9.886277914047241211e-01 1.100000000000000000e+01
6.000000000000000000e+01 5.900000000000000000e+01 9.736473560333251953e-01 1.200000000000000000e+01
