1.170000000000000000e+02 2.900000000000000000e+01 9.487696886062622070e-01 0.000000000000000000e+00
1.450000000000000000e+02 8.000000000000000000e+01 6.404410004615783691e-01 1.000000000000000000e+00
1.410000000000000000e+02 7.800000000000000000e+01 5.821664929389953613e-01 2.000000000000000000e+00
1.470000000000000000e+02 8.100000000000000000e+01 8.097566366195678711e-01 3.000000000000000000e+00
1.470000000000000000e+02 1.370000000000000000e+02 7.533290982246398926e-01 4.000000000000000000e+00
1.380000000000000000e+02 1.870000000000000000e+02 8.536076545715332031e-01 5.000000000000000000e+00
1.470000000000000000e+02 1.760000000000000000e+02 5.069585442543029785e-01 6.000000000000000000e+00
1.520000000000000000e+02 2.430000000000000000e+02 4.619064927101135254e-01 7.000000000000000000e+00
1.360000000000000000e+02 1.770000000000000000e+02 7.160251736640930176e-01 8.000000000000000000e+00
1.200000000000000000e+02 2.550000000000000000e+02 4.616338908672332764e-01 9.000000000000000000e+00
1.190000000000000000e+02 2.500000000000000000e+01 1.815747767686843872e-01 1.000000000000000000e+01
1.250000000000000000e+02 2.500000000000000000e+01 9.511504173278808594e-01 1.100000000000000000e+01
1.430000000000000000e+02 3.500000000000000000e+01 9.278315901756286621e-01 1.200000000000000000e+01
