1.270000000000000000e+02 3.300000000000000000e+01 9.328240156173706055e-01 0.000000000000000000e+00
1.320000000000000000e+02 7.400000000000000000e+01 9.347502589225769043e-01 1.000000000000000000e+00
1.020000000000000000e+02 7.300000000000000000e+01 8.931293487548828125e-01 2.000000000000000000e+00
1.010000000000000000e+02 1.340000000000000000e+02 9.080184698104858398e-01 3.000000000000000000e+00
8.600000000000000000e+01 1.830000000000000000e+02 8.793535828590393066e-01 4.000000000000000000e+00
1.620000000000000000e+02 7.300000000000000000e+01 9.307075738906860352e-01 5.000000000000000000e+00
1.680000000000000000e+02 1.320000000000000000e+02 8.871052265167236328e-01 6.000000000000000000e+00
1.820000000000000000e+02 1.830000000000000000e+02 9.014968872070312500e-01 7.000000000000000000e+00
1.240000000000000000e+02 1.780000000000000000e+02 6.452313661575317383e-01 8.000000000000000000e+00
1.430000000000000000e+02 2.550000000000000000e+02 2.088139504194259644e-01 9.000000000000000000e+00
1.600000000000000000e+02 1.760000000000000000e+02 6.623255014419555664e-01 1.000000000000000000e+01
1.600000000000000000e+02 2.550000000000000000e+02 1.772242039442062378e-01 1.100000000000000000e+01
1.220000000000000000e+02 2.700000000000000000e+01 9.210469722747802734e-01 1.200000000000000000e+01
1.350000000000000000e+02 2.600000000000000000e+01 9.591906666755676270e-01 1.300000000000000000e+01
1.500000000000000000e+02 2.900000000000000000e+01 9.871128797531127930e-01 1.400000000000000000e+01
