1.300000000000000000e+02 3.100000000000000000e+01 9.783992767333984375e-01 0.000000000000000000e+00
1.280000000000000000e+02 6.900000000000000000e+01 9.581636190414428711e-01 1.000000000000000000e+00
9.800000000000000000e+01 6.700000000000000000e+01 8.994742631912231445e-01 2.000000000000000000e+00
9.300000000000000000e+01 1.210000000000000000e+02 9.282150268554687500e-01 3.000000000000000000e+00
1.050000000000000000e+02 1.640000000000000000e+02 9.353146553039550781e-01 4.000000000000000000e+00
1.570000000000000000e+02 7.100000000000000000e+01 8.891841173171997070e-01 5.000000000000000000e+00
1.600000000000000000e+02 1.240000000000000000e+02 9.018201828002929688e-01 6.000000000000000000e+00
1.720000000000000000e+02 1.710000000000000000e+02 9.431702494621276855e-01 7.000000000000000000e+00
1.110000000000000000e+02 1.690000000000000000e+02 7.091246247291564941e-01 8.000000000000000000e+00
1.130000000000000000e+02 2.550000000000000000e+02 6.363827586174011230e-01 9.000000000000000000e+00
1.500000000000000000e+02 1.690000000000000000e+02 7.744193673133850098e-01 1.000000000000000000e+01
1.440000000000000000e+02 2.550000000000000000e+02 6.030448675155639648e-01 1.100000000000000000e+01
1.230000000000000000e+02 2.600000000000000000e+01 9.613686800003051758e-01 1.200000000000000000e+01
1.370000000000000000e+02 2.500000000000000000e+01 9.662398695945739746e-01 1.300000000000000000e+01
1.130000000000000000e+02 2.900000000000000000e+01 8.398460149765014648e-01 1.400000000000000000e+01
1.450000000000000000e+02 2.800000000000000000e+01 6.678189635276794434e-01 1.500000000000000000e+01
