1.130000000000000000e+02 3.300000000000000000e+01 8.872803449630737305e-01 0.000000000000000000e+00
1.260000000000000000e+02 7.300000000000000000e+01 8.898826837539672852e-01 1.000000000000000000e+00
1.070000000000000000e+02 7.100000000000000000e+01 7.878324389457702637e-01 2.000000000000000000e+00
1.040000000000000000e+02 1.390000000000000000e+02 3.198177516460418701e-01 3.000000000000000000e+00
8.600000000000000000e+01 1.870000000000000000e+02 5.458709001541137695e-01 4.000000000000000000e+00
1.420000000000000000e+02 7.300000000000000000e+01 8.283933401107788086e-01 5.000000000000000000e+00
1.820000000000000000e+02 1.270000000000000000e+02 9.645278453826904297e-01 6.000000000000000000e+00
1.380000000000000000e+02 1.620000000000000000e+02 9.002225995063781738e-01 7.000000000000000000e+00
9.900000000000000000e+01 1.740000000000000000e+02 6.386541724205017090e-01 8.000000000000000000e+00
8.900000000000000000e+01 2.550000000000000000e+02 3.979903161525726318e-01 9.000000000000000000e+00
1.230000000000000000e+02 1.770000000000000000e+02 6.296195983886718750e-01 1.000000000000000000e+01
1.170000000000000000e+02 2.550000000000000000e+02 3.828392922878265381e-01 1.100000000000000000e+01
1.060000000000000000e+02 2.700000000000000000e+01 9.562650918960571289e-01 1.200000000000000000e+01
1.200000000000000000e+02 2.600000000000000000e+01 9.420753717422485352e-01 1.300000000000000000e+01
1.010000000000000000e+02 3.400000000000000000e+01 1.132740974426269531e-01 1.400000000000000000e+01
1.350000000000000000e+02 2.700000000000000000e+01 8.537963628768920898e-01 1.500000000000000000e+01
