1.120000000000000000e+02 4.900000000000000000e+01 9.254193305969238281e-01 0.000000000000000000e+00
9.900000000000000000e+01 1.110000000000000000e+02 8.683894872665405273e-01 1.000000000000000000e+00
4.600000000000000000e+01 1.230000000000000000e+02 7.892009615898132324e-01 2.000000000000000000e+00
4.100000000000000000e+01 2.080000000000000000e+02 8.026360869407653809e-01 3.000000000000000000e+00
7.300000000000000000e+01 1.570000000000000000e+02 8.010301589965820312e-01 4.000000000000000000e+00
1.520000000000000000e+02 1.010000000000000000e+02 7.637832164764404297e-01 5.000000000000000000e+00
2.050000000000000000e+02 1.470000000000000000e+02 8.112319111824035645e-01 6.000000000000000000e+00
1.760000000000000000e+02 1.900000000000000000e+02 4.177595078945159912e-01 7.000000000000000000e+00
1.140000000000000000e+02 2.550000000000000000e+02 2.357394546270370483e-01 8.000000000000000000e+00
1.840000000000000000e+02 2.400000000000000000e+02 4.187654852867126465e-01 9.000000000000000000e+00
9.400000000000000000e+01 4.300000000000000000e+01 9.709746241569519043e-01 1.000000000000000000e+01
1.130000000000000000e+02 3.800000000000000000e+01 9.833348989486694336e-01 1.100000000000000000e+01
6.000000000000000000e+01 5.900000000000000000e+01 9.740563035011291504e-01 1.200000000000000000e+01
