1.290000000000000000e+02 4.100000000000000000e+01 9.789835214614868164e-01 0.000000000000000000e+00
1.310000000000000000e+02 8.500000000000000000e+01 9.122402667999267578e-01 1.000000000000000000e+00
9.800000000000000000e+01 8.400000000000000000e+01 8.658265471458435059e-01 2.000000000000000000e+00
9.200000000000000000e+01 1.500000000000000000e+02 8.555248975753784180e-01 3.000000000000000000e+00
9.800000000000000000e+01 2.060000000000000000e+02 8.698409795761108398e-01 4.000000000000000000e+00
1.650000000000000000e+02 8.700000000000000000e+01 8.723809719085693359e-01 5.000000000000000000e+00
1.710000000000000000e+02 1.550000000000000000e+02 8.874610066413879395e-01 6.000000000000000000e+00
1.790000000000000000e+02 2.140000000000000000e+02 8.566622734069824219e-01 7.000000000000000000e+00
1.100000000000000000e+02 1.940000000000000000e+02 6.726208925247192383e-01 8.000000000000000000e+00
1.550000000000000000e+02 1.950000000000000000e+02 6.962521076202392578e-01 9.000000000000000000e+00
1.210000000000000000e+02 3.400000000000000000e+01 9.175334572792053223e-01 1.000000000000000000e+01
1.380000000000000000e+02 3.200000000000000000e+01 9.521809816360473633e-01 1.100000000000000000e+01
1.130000000000000000e+02 3.900000000000000000e+01 7.081198096275329590e-01 1.200000000000000000e+01
1.500000000000000000e+02 3.600000000000000000e+01 8.646367192268371582e-01 1.300000000000000000e+01
