1.170000000000000000e+02 3.000000000000000000e+01 9.378153681755065918e-01 0.000000000000000000e+00
1.450000000000000000e+02 8.000000000000000000e+01 6.306338906288146973e-01 1.000000000000000000e+00
1.410000000000000000e+02 7.800000000000000000e+01 5.642591118812561035e-01 2.000000000000000000e+00
1.470000000000000000e+02 8.100000000000000000e+01 8.000036478042602539e-01 3.000000000000000000e+00
1.470000000000000000e+02 1.370000000000000000e+02 7.605575323104858398e-01 4.000000000000000000e+00
1.370000000000000000e+02 1.880000000000000000e+02 8.629497289657592773e-01 5.000000000000000000e+00
1.470000000000000000e+02 1.770000000000000000e+02 5.010344982147216797e-01 6.000000000000000000e+00
1.520000000000000000e+02 2.470000000000000000e+02 4.303084909915924072e-01 7.000000000000000000e+00
1.520000000000000000e+02 2.550000000000000000e+02 4.303106069564819336e-01 8.000000000000000000e+00
1.360000000000000000e+02 1.780000000000000000e+02 7.079825401306152344e-01 9.000000000000000000e+00
1.200000000000000000e+02 2.550000000000000000e+02 4.430747330188751221e-01 1.000000000000000000e+01
1.460000000000000000e+02 2.550000000000000000e+02 1.226686388254165649e-01 1.100000000000000000e+01
1.190000000000000000e+02 2.500000000000000000e+01 1.930262744426727295e-01 1.200000000000000000e+01
1.250000000000000000e+02 2.500000000000000000e+01 9.556380510330200195e-01 1.300000000000000000e+01
1.430000000000000000e+02 3.500000000000000000e+01 9.292138814926147461e-01 1.400000000000000000e+01
