1.130000000000000000e+02 3.300000000000000000e+01 8.916580080986022949e-01 0.000000000000000000e+00
1.250000000000000000e+02 7.300000000000000000e+01 8.936305046081542969e-01 1.000000000000000000e+00
1.060000000000000000e+02 7.100000000000000000e+01 8.008211255073547363e-01 2.000000000000000000e+00
1.040000000000000000e+02 1.390000000000000000e+02 5.845056772232055664e-01 3.000000000000000000e+00
8.600000000000000000e+01 1.850000000000000000e+02 6.952574849128723145e-01 4.000000000000000000e+00
1.420000000000000000e+02 7.300000000000000000e+01 8.249493837356567383e-01 5.000000000000000000e+00
1.820000000000000000e+02 1.270000000000000000e+02 9.636040329933166504e-01 6.000000000000000000e+00
1.380000000000000000e+02 1.630000000000000000e+02 9.008181095123291016e-01 7.000000000000000000e+00
9.900000000000000000e+01 1.770000000000000000e+02 6.262001395225524902e-01 8.000000000000000000e+00
8.900000000000000000e+01 2.550000000000000000e+02 3.811272978782653809e-01 9.000000000000000000e+00
1.220000000000000000e+02 1.790000000000000000e+02 6.284173130989074707e-01 1.000000000000000000e+01
1.160000000000000000e+02 2.550000000000000000e+02 2.910403311252593994e-01 1.100000000000000000e+01
1.060000000000000000e+02 2.700000000000000000e+01 9.608833789825439453e-01 1.200000000000000000e+01
1.200000000000000000e+02 2.600000000000000000e+01 9.427274465560913086e-01 1.300000000000000000e+01
1.000000000000000000e+02 3.400000000000000000e+01 1.226810365915298462e-01 1.400000000000000000e+01
1.360000000000000000e+02 2.700000000000000000e+01 8.473208546638488770e-01 1.500000000000000000e+01
