1.190000000000000000e+02 3.900000000000000000e+01 1.361384689807891846e-01 0.000000000000000000e+00
1.480000000000000000e+02 8.000000000000000000e+01 9.285808205604553223e-01 1.000000000000000000e+00
1.840000000000000000e+02 8.000000000000000000e+01 8.996441960334777832e-01 2.000000000000000000e+00
1.850000000000000000e+02 1.450000000000000000e+02 8.969127535820007324e-01 3.000000000000000000e+00
1.770000000000000000e+02 2.000000000000000000e+02 7.484773993492126465e-01 4.000000000000000000e+00
1.130000000000000000e+02 8.000000000000000000e+01 8.385282158851623535e-01 5.000000000000000000e+00
1.060000000000000000e+02 1.460000000000000000e+02 8.921234011650085449e-01 6.000000000000000000e+00
8.900000000000000000e+01 1.980000000000000000e+02 8.767947554588317871e-01 7.000000000000000000e+00
1.610000000000000000e+02 1.970000000000000000e+02 6.274119615554809570e-01 8.000000000000000000e+00
1.160000000000000000e+02 1.920000000000000000e+02 6.601340770721435547e-01 9.000000000000000000e+00
1.200000000000000000e+02 3.400000000000000000e+01 2.705985903739929199e-01 1.000000000000000000e+01
1.630000000000000000e+02 3.300000000000000000e+01 2.636339664459228516e-01 1.100000000000000000e+01
1.280000000000000000e+02 3.700000000000000000e+01 8.449792861938476562e-01 1.200000000000000000e+01
