1.290000000000000000e+02 4.000000000000000000e+01 9.781419038772583008e-01 0.000000000000000000e+00
1.310000000000000000e+02 8.500000000000000000e+01 9.124028086662292480e-01 1.000000000000000000e+00
9.800000000000000000e+01 8.400000000000000000e+01 8.668754100799560547e-01 2.000000000000000000e+00
9.200000000000000000e+01 1.500000000000000000e+02 8.552878499031066895e-01 3.000000000000000000e+00
9.800000000000000000e+01 2.060000000000000000e+02 8.713584542274475098e-01 4.000000000000000000e+00
1.650000000000000000e+02 8.700000000000000000e+01 8.727691173553466797e-01 5.000000000000000000e+00
1.700000000000000000e+02 1.550000000000000000e+02 8.835055828094482422e-01 6.000000000000000000e+00
1.790000000000000000e+02 2.140000000000000000e+02 8.572983741760253906e-01 7.000000000000000000e+00
1.100000000000000000e+02 1.940000000000000000e+02 6.707258820533752441e-01 8.000000000000000000e+00
1.550000000000000000e+02 1.950000000000000000e+02 6.938652992248535156e-01 9.000000000000000000e+00
1.210000000000000000e+02 3.400000000000000000e+01 9.170883297920227051e-01 1.000000000000000000e+01
1.380000000000000000e+02 3.200000000000000000e+01 9.513147473335266113e-01 1.100000000000000000e+01
1.130000000000000000e+02 3.900000000000000000e+01 7.142570018768310547e-01 1.200000000000000000e+01
1.500000000000000000e+02 3.600000000000000000e+01 8.690016865730285645e-01 1.300000000000000000e+01
