1.270000000000000000e+02 5.300000000000000000e+01 9.323214292526245117e-01 0.000000000000000000e+00
1.300000000000000000e+02 1.130000000000000000e+02 9.111158847808837891e-01 1.000000000000000000e+00
9.300000000000000000e+01 1.170000000000000000e+02 8.883559107780456543e-01 2.000000000000000000e+00
8.000000000000000000e+01 1.820000000000000000e+02 8.164431452751159668e-01 3.000000000000000000e+00
7.400000000000000000e+01 2.390000000000000000e+02 7.141610383987426758e-01 4.000000000000000000e+00
1.690000000000000000e+02 1.100000000000000000e+02 8.531630635261535645e-01 5.000000000000000000e+00
1.840000000000000000e+02 1.780000000000000000e+02 8.342312574386596680e-01 6.000000000000000000e+00
1.850000000000000000e+02 2.380000000000000000e+02 8.071839213371276855e-01 7.000000000000000000e+00
9.700000000000000000e+01 2.330000000000000000e+02 6.082011461257934570e-01 8.000000000000000000e+00
1.510000000000000000e+02 2.320000000000000000e+02 5.531193017959594727e-01 9.000000000000000000e+00
1.170000000000000000e+02 4.600000000000000000e+01 9.629982113838195801e-01 1.000000000000000000e+01
1.360000000000000000e+02 4.600000000000000000e+01 9.285901188850402832e-01 1.100000000000000000e+01
1.050000000000000000e+02 5.400000000000000000e+01 9.341791868209838867e-01 1.200000000000000000e+01
1.480000000000000000e+02 5.200000000000000000e+01 9.449465870857238770e-01 1.300000000000000000e+01
