1.290000000000000000e+02 4.100000000000000000e+01 9.827371835708618164e-01 0.000000000000000000e+00
1.310000000000000000e+02 8.500000000000000000e+01 9.120322465896606445e-01 1.000000000000000000e+00
9.800000000000000000e+01 8.400000000000000000e+01 8.643202185630798340e-01 2.000000000000000000e+00
9.200000000000000000e+01 1.500000000000000000e+02 8.590270876884460449e-01 3.000000000000000000e+00
9.800000000000000000e+01 2.060000000000000000e+02 8.685743808746337891e-01 4.000000000000000000e+00
1.650000000000000000e+02 8.700000000000000000e+01 8.732350468635559082e-01 5.000000000000000000e+00
1.700000000000000000e+02 1.550000000000000000e+02 8.887105584144592285e-01 6.000000000000000000e+00
1.780000000000000000e+02 2.130000000000000000e+02 8.529440164566040039e-01 7.000000000000000000e+00
1.110000000000000000e+02 1.940000000000000000e+02 6.735359430313110352e-01 8.000000000000000000e+00
1.550000000000000000e+02 1.940000000000000000e+02 6.985483765602111816e-01 9.000000000000000000e+00
1.210000000000000000e+02 3.400000000000000000e+01 9.199489355087280273e-01 1.000000000000000000e+01
1.380000000000000000e+02 3.200000000000000000e+01 9.510073065757751465e-01 1.100000000000000000e+01
1.130000000000000000e+02 3.800000000000000000e+01 6.740252971649169922e-01 1.200000000000000000e+01
1.500000000000000000e+02 3.600000000000000000e+01 8.622141480445861816e-01 1.300000000000000000e+01
